
# SN_TARGET <- "SAMgemA30"
TR_TARGET <- 2500
SN_TARGET <- "ARMA5635"
MINE_ID <- "Pascua-Lama"
MINE_LOC <- "San Juan, Argentina"


SN_EXCLUDE <- c("SAMgemA50","SAMsrkA50","SAMausA50","SSAsccKP0","SSAascKP0","SSAgemKP0","SSAausKP0","SSAsrkKP0","SAMgemA40","SAMsrkA40","SAMausA40","ARM2D1D0")
SN_INCLUDE <- c("ARM2J1G0","ARM2J1I0","ARM2J1J0","ARM2J1K0","ARM2J1L0","ARM2J1L1","ARM2J1Q0","ARM2J1S0","ARM2J1G5","ARM2J1I5","ARM2J1J5","ARM2J1K5","ARM2J1L5","ARM2J1Q5","ARM2J1S5","ARM2D1D0","ARM2P1Y1","ARM2P1Y2","ARM2P1Y3","ARM2V1U0","ARM2V1U1","ARM2V3L0","ARM2V3L1","ARM2V3C0","ARM2V3C1","ARMA5631","ARMA5635","ARM2K151","ARM2K155")
go <- 9.81 #[m/s2]
g <- go*1000 #[mm/m]
Cw <- 1440 #[m/s]
Gw <- 10 #[kN/m3]

# Scale A in g, V in cm/s
go <- 9.88 #[m/s2]
mm2m2g <- go*1000 #[mm/m]
# mm2cm <- 10
mm2m <- 1000
NMAX <- 10000